import numpy as np
#import matplotlib.pyplot as plt
from scipy.spatial import distance
import random
import pulp
import gurobipy as gp
from gurobipy import GRB
from scipy.spatial import distance

class VRPSDP_GUROBI:
	def __init__(self, costMatrix, demand, pickup, numberOfVehicles, capacityOfVehicle):
		self.costMatrix = costMatrix
		self.n = len(costMatrix)
		self.demand = demand
		self.pickup = pickup
		self.numberOfVehicles = numberOfVehicles
		self.capacityOfVehicle = capacityOfVehicle
		self.initialzeLP()

	def initialzeLP(self):
		self.cvrpLP = gp.Model('VRP-SDP')
		x, R, P = [], [], []

		# Create decision variables
		for i in range(self.n):
			xRow, RRow, PRow = [], [], []
			for j in range(self.n):
				xRow.append(self.cvrpLP.addVar(name='x('+str(i)+","+str(j)+")", vtype=GRB.BINARY, lb=0, ub=1))
				RRow.append(self.cvrpLP.addVar(name='R('+str(i)+","+str(j)+")", vtype=GRB.INTEGER, lb=0))
				PRow.append(self.cvrpLP.addVar(name='P('+str(i)+","+str(j)+")", vtype=GRB.INTEGER, lb=0))
			x.append(xRow)
			R.append(RRow)
			P.append(PRow)

		# Create objective
		objective = None
		for i in range(self.n):
			for j in range(self.n):
				objective += self.costMatrix[i][j] * x[i][j]
		self.cvrpLP.setObjective(objective,GRB.MINIMIZE)

		# constraint 1
		for j in range(1, self.n):
			const1 = None
			for i in range(self.n):
				if(const1 == None):
					const1 = x[i][j]
				else:
					const1 = const1 + x[i][j]
			self.cvrpLP.addConstr(const1 == 1)
		
		# constraint 2
		for j in range(1, self.n):
			const2 = None
			for i in range(self.n):
				if(const2 == None):
					const2 = x[j][i]
				else:
					const2 = const2 + x[j][i]
			self.cvrpLP.addConstr(const2 == 1)

		# constraint 3
		for j in range(1, self.n):
			const3a, const3b = None, None
			for i in range(self.n):
				if(const3a == None):
					const3a = R[i][j]
				else:
					const3a = const3a + R[i][j]
				if(const3b == None):
					const3b = R[j][i]
				else:
					const3b = const3b + R[j][i]
			self.cvrpLP.addConstr(const3a - self.demand[j] == const3b)

		# constraint 4
		for j in range(1, self.n):
			const4a, const4b = None, None
			for i in range(self.n):
				if(const4a == None):
					const4a = P[i][j]
				else:
					const4a = const4a + P[i][j]
				if(const4b == None):
					const4b = P[j][i]
				else:
					const4b = const4b + P[j][i]
			self.cvrpLP.addConstr(const4a + self.pickup[j] == const4b)

		# constraint 5
		const5 = None
		for i in range(1, self.n):
			if(const5 == None):
				const5 = P[0][i]
			else:
				const5 = const5 + P[0][i]
		self.cvrpLP.addConstr(const5 == 0)

		# constraint 6
		const6 = None
		for i in range(1, self.n):
			if(const6 == None):
				const6 = R[i][0]
			else:
				const6 = const6 + R[i][0]
		self.cvrpLP.addConstr(const6 == 0)

		# constraint 7
		for i in range(self.n):
			for j in range(self.n):
				self.cvrpLP.addConstr(R[i][j] + P[i][j] <= self.capacityOfVehicle * x[i][j])

		# constraint 8
		for i in range(1, self.n):
			self.cvrpLP.addConstr(x[0][i] <= self.numberOfVehicles)

	def solve(self):
		status = self.cvrpLP.optimize()
		print(status)
	
	def getResult(self):
		print("Objective value: ", self.cvrpLP.ObjVal)
		for v in self.cvrpLP.getVars():
			print(v.varName, " = ", v.x)
		return self.cvrpLP
'''
costMatrix = [[0,9,14,23,32,50,21,49,30,27,35,28,18],   
[9,0,21,22,36,52,24,51,36,37,41,30,20],    
[14,21,0,25,38,5,31,7,36,43,29,7,6],    
[23,22,25,0,42,12,35,17,44,31,31,11,6],
[32,36,38,42,0,22,37,16,46,37,29,13,14],   
[50,52,5,12,22,0,41,23,10,39,9,17,16],   
[21,24,31,35,37,41,0,26,21,19,10,25,12],  
[49,51,7,17,16,23,26,0,30,28,16,27,12],   
[30,36,36,44,46,10,21,30,0,25,22,10,20],    
[27,37,43,31,37,39,19,28,25,0,20,16,8],   
[35,41,29,31,29,9,10,16,22,20,0,10,10],   
[28,30,7,11,13,17,25,27,10,16,10,0,10],
[18,20, 6, 6,14,16,12,12,20,8, 10,10,0]]'''

'''
xCoordinates = [145, 151, 159, 130, 128, 163, 146, 161, 142, 163, 148, 128, 156, 129, 146, 164, 141, 147, 164, 129, 155, 139]
yCoordinates = [215, 164, 261, 254, 252, 247, 246, 242, 239, 236, 232, 231, 217, 214, 208, 208, 206, 193, 193, 189, 185, 182]
costMatrix = np.ndarray(shape=(len(xCoordinates), len(yCoordinates)))
'''
xCoordinates = [195, 125, 157, 285, 313, 336, 193, 475, 268, 305, 410, 240, 337, 479, 315, 172, 234, 396, 214, 265, 382, 171, 476, 274, 385, 293, 429, 294, 142, 176, 231, 400, 142, 316, 222, 364, 434, 169, 213, 213, 223, 341, 140, 474, 149, 351, 144, 142, 119, 461, 247, 265, 120, 303, 429, 360, 294, 444, 407, 224, 309, 106, 185, 211, 344, 277, 100, 320, 454, 165, 368, 496, 211, 160]
yCoordinates = [294, 299, 316, 297, 406, 404, 295, 238, 352, 230, 496, 486, 245, 434, 213, 284, 483, 500, 105, 136, 130, 289, 222, 232, 219, 396, 168, 293, 467, 143, 321, 494, 499, 410, 132, 131, 337, 202, 224, 194, 202, 266, 406, 342, 470, 211, 131, 249, 111, 348, 400, 489, 198, 451, 356, 280, 381, 279, 372, 107, 474, 438, 414, 301, 495, 414, 122, 280, 274, 449, 163, 296, 446, 120]
costMatrix = [[0.0,
  70.178344238091,
  43.9089968002003,
  90.0499861188218,
  162.68988905276197,
  178.83232370016333,
  2.23606797749979,
  285.545092761196,
  93.23625904121208,
  127.26350615946427,
  295.006779583114,
  197.20294115453754,
  150.2165104108067,
  316.6322788346128,
  144.77914214416384,
  25.079872407968907,
  192.98186443290467,
  287.81417616232875,
  189.952625672824,
  172.8120366178236,
  248.7267577081324,
  24.515301344262525,
  290.077575831018,
  100.42410069301094,
  204.26698215815497,
  141.4496376806954,
  265.7668150842012,
  99.00505037623081,
  180.93645293306707,
  152.190669884852,
  45.0,
  286.40006983239374,
  211.74040710265956,
  167.621597653763,
  164.23458831805192,
  234.7977853387889,
  242.8373941550189,
  95.60334722173695,
  72.27724399837061,
  101.6070863670443,
  96.16652224137046,
  148.66068747318505,
  124.77579893553076,
  283.0989226401259,
  181.91206666958627,
  176.70597047072292,
  170.79227148791014,
  69.52697318307479,
  198.15398053029367,
  271.42586464815764,
  118.06777714516353,
  207.18349355100662,
  121.82364302548172,
  190.55970193091719,
  242.0743687382041,
  165.59287424282482,
  131.79529581893277,
  249.45139807184887,
  225.89378034819816,
  189.2353032602532,
  213.06337085477645,
  169.28378540191025,
  120.41594578792295,
  17.46424919657298,
  250.2039168358481,
  145.3409783921933,
  196.49173010587495,
  125.78155667664477,
  259.77105304479176,
  157.87653403846943,
  217.00230413523263,
  301.0066444449358,
  152.8397853963424,
  177.48521065147935],
 [70.178344238091,
  0.0,
  36.235341863986875,
  160.0124995117569,
  216.31689716709604,
  235.6819891294199,
  68.11754546370561,
  355.27594908746636,
  152.50573759698355,
  192.77188591700815,
  346.4592328110192,
  219.5313189501671,
  218.76928486421488,
  378.8680509095482,
  208.55694665965936,
  49.33558553417604,
  213.86210510513544,
  337.40480138848056,
  213.44085831911377,
  214.8697279748825,
  307.5873859572268,
  47.07440918375928,
  359.3466293149276,
  163.37074401495514,
  272.02941017470886,
  193.9922678871506,
  331.02416830195347,
  169.10647533432893,
  168.8579284487406,
  164.12495239907915,
  108.25894882179486,
  337.12015662075146,
  200.7211996775627,
  220.91174708466727,
  193.12690128513947,
  292.138665705175,
  311.3278015211619,
  106.51291001564083,
  115.62439189029277,
  137.0,
  137.88763541376724,
  218.50629281556172,
  108.04628637764465,
  351.63901945034485,
  172.6759971738979,
  242.52834885843757,
  169.07099100673656,
  52.81098370604357,
  188.09572031282372,
  339.5541193977773,
  158.38244852255568,
  236.00847442411893,
  101.1236866416568,
  234.0683660813652,
  309.2975913258944,
  235.76683396949622,
  187.8430195668713,
  319.62634434601915,
  291.2953827303138,
  216.0208323287363,
  253.9310930154084,
  140.29255147726127,
  129.71121771072848,
  86.02325267042627,
  293.8996427354072,
  190.60167890131504,
  178.7568180517879,
  195.92345444075858,
  329.94848082693153,
  155.24174696260025,
  278.4690287985362,
  371.01212918178294,
  170.30854353202602,
  182.3896926912264],
 [43.9089968002003,
  36.235341863986875,
  0.0,
  129.40247292845683,
  180.0999722376436,
  199.46177578674065,
  41.677331968349414,
  327.42632759141406,
  116.69190203266035,
  171.1724276862369,
  310.49798711102784,
  189.17980864775183,
  193.49676999888138,
  342.9402280281507,
  188.60805921274945,
  35.34119409414458,
  183.89671013914307,
  301.62393804205925,
  218.56349191939628,
  209.91426821443082,
  291.92636057745796,
  30.4138126514911,
  332.56127254988667,
  144.03124660989366,
  247.7761086142084,
  157.78466338652817,
  309.6578757273905,
  138.91724155050014,
  151.74320413119,
  174.04022523543227,
  74.16872656315464,
  301.21918929576844,
  183.61372497719228,
  184.70787747142785,
  195.143536915779,
  277.62204523416364,
  277.79488836189915,
  114.6298390472568,
  107.70329614269008,
  134.23859355639868,
  131.7269904006009,
  190.67249408344142,
  91.59148432032315,
  318.06445887587,
  154.20765220960988,
  220.592384274707,
  185.4561942885705,
  68.65857557508748,
  208.4922060893404,
  305.6795707926848,
  123.10970717209915,
  203.94361965994426,
  123.664869708418,
  198.84918908559823,
  274.9254444390333,
  206.1674077054858,
  151.6377261765686,
  289.3751889848195,
  256.1952380509833,
  219.4766502386985,
  219.24415613648634,
  132.23085872821065,
  101.92153844992725,
  56.04462507680822,
  258.8628980754098,
  154.9322432549145,
  202.20039564748632,
  166.9281282468596,
  299.9549966244937,
  133.24038426843418,
  260.6338427756457,
  339.5894580224775,
  140.7693148381422,
  196.02295783912658],
 [90.0499861188218,
  160.0124995117569,
  129.40247292845683,
  0.0,
  112.53888216967503,
  118.53269591129698,
  92.02173656261873,
  198.94974239742055,
  57.56735185849702,
  69.92138442565336,
  235.00212764994276,
  194.28329830430613,
  73.53910524340094,
  237.49736840647307,
  89.19641248391103,
  113.7453295744489,
  192.86523792534516,
  231.36551169091732,
  204.70710783946902,
  162.2374802565671,
  193.12690128513947,
  114.28035701729323,
  205.19746587129188,
  65.92419889539804,
  126.82271089990152,
  99.32270636667126,
  193.33132182861627,
  9.848857801796104,
  222.1463481581455,
  188.67167248953936,
  59.09314681077663,
  228.10962276940444,
  247.49343425634547,
  117.17508267545622,
  176.61823235442031,
  183.8396040030548,
  154.27572718998928,
  149.93665329064805,
  102.53292154230269,
  125.67020331009256,
  113.44161493913951,
  64.00781202322104,
  181.40011025354974,
  194.28329830430613,
  220.05681084665386,
  108.40664186294121,
  217.8003673091485,
  150.8409758653132,
  249.30302846134862,
  183.24027941476186,
  109.78615577567146,
  193.03885619221847,
  192.42141252989492,
  155.04837954651444,
  155.6181223379848,
  76.90253571892151,
  84.48076704197234,
  160.01562423713506,
  143.20963654726592,
  199.55199823604875,
  178.61970775925036,
  227.86399452304877,
  153.91231269784754,
  74.10802925459562,
  206.60348496576722,
  117.27318534089538,
  254.65663156493687,
  38.91015291668744,
  170.55790805471318,
  193.65949499056327,
  157.62296786953354,
  211.00236965494014,
  166.3640586184408,
  216.6887168266959],
 [162.68988905276197,
  216.31689716709604,
  180.0999722376436,
  112.53888216967503,
  0.0,
  23.08679276123039,
  163.46559270990332,
  233.3838040653207,
  70.2922470831599,
  176.1817243643619,
  132.32157798333574,
  108.30050784737807,
  162.77899127344412,
  168.34488409215172,
  193.01036241611484,
  186.45374761586316,
  110.3177229641729,
  125.39936203984452,
  316.8627463113958,
  274.2334771686345,
  284.4942881676186,
  183.99184764548673,
  245.81497106563708,
  178.31713322056297,
  200.38213493223392,
  22.360679774997898,
  264.76404589747455,
  114.58621208504974,
  181.5543995611233,
  296.5434200922354,
  118.10588469674151,
  123.7457069962429,
  194.65353837010002,
  5.0,
  288.71612355391585,
  279.6891131238397,
  139.29106216839614,
  249.70382456021773,
  207.66318884193223,
  234.4013651837378,
  222.97085011274456,
  142.772546380598,
  173.0,
  173.25414857947845,
  176.0454486773231,
  198.66806487203723,
  322.7785618655613,
  232.14219780126146,
  353.0736467084452,
  158.95911424010893,
  66.27216610312357,
  95.88013350011565,
  283.74812774712717,
  46.09772228646444,
  126.31706139710502,
  134.48048185517482,
  31.400636936215164,
  182.45547402037573,
  99.9599919967984,
  311.9647415975081,
  68.11754546370561,
  209.45882650296693,
  128.2497563350512,
  146.38647478507022,
  94.2443632266673,
  36.87817782917155,
  355.0,
  126.19429464123962,
  193.14502323383846,
  154.12008305214476,
  249.14654322305978,
  213.5158073773462,
  109.5627673984187,
  324.35320254315354],
 [178.83232370016333,
  235.6819891294199,
  199.46177578674065,
  118.53269591129698,
  23.08679276123039,
  0.0,
  179.8054504179448,
  216.510969698997,
  85.60373823613078,
  176.7399219191861,
  118.06777714516353,
  126.25371281669304,
  159.00314462299164,
  146.11296999240005,
  192.15098230297966,
  203.2141727340886,
  129.0155029444136,
  113.20777358467925,
  322.9318813619987,
  277.24537868105216,
  277.8344831010003,
  201.12185361118767,
  229.61707253599414,
  182.8332573685652,
  191.3792047219342,
  43.73785545725808,
  253.6631624812716,
  118.68024266911489,
  203.9730374338726,
  306.13885738337757,
  133.843191832831,
  110.43550153822818,
  216.01157376399996,
  20.8806130178211,
  294.92371895118913,
  274.4321409747772,
  118.71394189394942,
  262.0934947685654,
  218.01146758828995,
  243.37008854828483,
  231.4584195919431,
  138.0905500025255,
  196.01020381602586,
  151.28780519261954,
  198.3053201505194,
  193.58202395883765,
  333.75589882427545,
  248.31633051412467,
  364.6066373504465,
  136.97079980784227,
  89.08984229416954,
  110.75197515168747,
  298.4828303269721,
  57.42821606144492,
  104.65658125507444,
  126.30122723077555,
  47.885279575251516,
  165.19382555047267,
  77.87810988975015,
  317.4161306550126,
  75.02666192761077,
  232.4994623649698,
  151.33076356114773,
  161.96913286178943,
  91.35097153287424,
  59.841457201508724,
  367.72272162595556,
  125.02799686470227,
  175.56765077883796,
  176.8219443394965,
  243.11519903124116,
  193.03885619221847,
  131.86735759845953,
  334.11375308418536],
 [2.23606797749979,
  68.11754546370561,
  41.677331968349414,
  92.02173656261873,
  163.46559270990332,
  179.8054504179448,
  0.0,
  287.70297183032363,
  94.2019108086455,
  129.49517365523704,
  295.78708558691335,
  196.69773765857096,
  152.43359209832983,
  317.98899352021607,
  146.99659860010368,
  23.706539182259394,
  192.41881404893857,
  288.50303291300077,
  191.15700353374447,
  174.54225849346628,
  250.89041432466087,
  22.80350850198276,
  292.26357966739545,
  102.61578825892242,
  206.49455198624491,
  142.13022197970423,
  268.00186566514793,
  101.01980003939822,
  179.4017837146554,
  152.9477034806342,
  46.04345773288535,
  287.14108030722457,
  210.27838690650069,
  168.3864602632884,
  165.55965692160635,
  236.93247983339052,
  244.63237725207185,
  96.04686356149273,
  73.76313442364011,
  102.96115772464877,
  97.71898484941399,
  150.81445554057476,
  123.00406497347964,
  284.9034924320866,
  180.44666802132977,
  178.94133116750865,
  171.1636643683466,
  68.6804193347711,
  198.3229689168655,
  273.19040978775223,
  118.07201192492656,
  206.92993983471797,
  121.40016474453401,
  190.8821626030049,
  243.75602556654883,
  167.6722994414999,
  132.6536844569347,
  251.5094431626773,
  227.43130831088317,
  190.53870997778904,
  213.30025785263365,
  167.38578195294843,
  119.26860441876563,
  18.973665961010276,
  250.60127693210185,
  145.6605643267937,
  196.41283053812955,
  127.88275880665071,
  261.84346468835156,
  156.52475842498527,
  219.2008211663451,
  303.00165016052307,
  152.0690632574555,
  178.08424972467387],
 [285.545092761196,
  355.27594908746636,
  327.42632759141406,
  198.94974239742055,
  233.3838040653207,
  216.510969698997,
  287.70297183032363,
  0.0,
  236.31546711969574,
  170.18813119603846,
  266.0620228442985,
  341.65626000411584,
  138.1774221788784,
  196.04081207748553,
  161.94134740701648,
  306.4718584144391,
  343.6655350773481,
  273.6512378923216,
  292.93343953874574,
  233.46091750012462,
  142.52368224263643,
  308.24827655641485,
  16.0312195418814,
  201.08953229842672,
  91.98369420718001,
  241.01452238402564,
  83.7615663654877,
  189.1718795170149,
  404.14106448120316,
  313.72918257631056,
  257.73047937719747,
  266.7601919327545,
  423.0957338475537,
  234.23279018958897,
  274.3082208028042,
  154.17522498767434,
  107.15409464878138,
  308.11036983522644,
  262.37377917772193,
  265.6689669494727,
  254.55844122715712,
  136.8941196691808,
  374.76525986275726,
  104.00480758118829,
  400.12498047485116,
  126.90547663517127,
  347.86491631091513,
  333.1816321467917,
  377.9748668893211,
  110.8873302050329,
  279.69268849936,
  327.26289126633344,
  357.24641355792505,
  273.77545543748073,
  126.64912159190051,
  122.42957159118053,
  230.67292862405853,
  51.40038910358559,
  150.2664300500947,
  283.12894588861803,
  288.5342267392207,
  419.7153797515645,
  339.22853653547486,
  271.41296947640507,
  288.4614358974177,
  264.9150807334305,
  392.531527396208,
  160.58953888718904,
  41.677331968349414,
  374.9946666287402,
  130.66751700403586,
  61.68468205316454,
  336.0952246016001,
  336.3762774037432],
 [93.23625904121208,
  152.50573759698355,
  116.69190203266035,
  57.56735185849702,
  70.2922470831599,
  85.60373823613078,
  94.2019108086455,
  236.31546711969574,
  0.0,
  127.4872542648872,
  202.23748416156684,
  136.8941196691808,
  127.3184982632139,
  226.37358503146962,
  146.7310464761974,
  117.64352935882194,
  135.34031180694095,
  195.67319693816015,
  252.83393759541065,
  216.0208323287363,
  249.55961211702507,
  115.66330446602328,
  245.2835094334717,
  120.14990636700472,
  177.1383639983163,
  50.60632371551998,
  244.49335369289693,
  64.47480127925948,
  170.59015211904818,
  228.3527972239447,
  48.27007354458868,
  193.8762491900439,
  193.61043360315063,
  75.28612089887484,
  224.75764725588314,
  240.9502023240487,
  166.67633305301626,
  179.7247896090019,
  139.31618714277246,
  167.29913329123974,
  156.60459763365824,
  112.80514172678478,
  138.92443989449805,
  206.24257562394823,
  167.5857989210303,
  163.6154026979123,
  253.41073379002714,
  162.74212730574712,
  283.3407842157567,
  193.04144632694815,
  52.392747589718944,
  137.03284277865654,
  213.5883891975404,
  105.00476179678711,
  161.0496817755316,
  116.82465493208187,
  38.948684188300895,
  190.53870997778904,
  140.4314779527724,
  248.9196657558418,
  128.70508925446578,
  183.412104289766,
  103.60019305001319,
  76.48529270389177,
  161.94134740701648,
  62.64982043070834,
  284.82275190019493,
  88.81441324469807,
  201.69283576765935,
  141.48498153514387,
  213.82469455140114,
  234.77648945326703,
  109.9317970379817,
  255.906232827573],
 [127.26350615946427,
  192.77188591700815,
  171.1724276862369,
  69.92138442565336,
  176.1817243643619,
  176.7399219191861,
  129.49517365523704,
  170.18813119603846,
  127.4872542648872,
  0.0,
  285.97377502141694,
  264.1230773711377,
  35.34119409414458,
  268.12683565805196,
  19.72308292331602,
  143.54441821262157,
  262.77366686941826,
  284.9227965607526,
  154.6156525064652,
  102.15674231297707,
  126.21014222319853,
  146.4137971640651,
  171.18703221914913,
  31.064449134018133,
  80.75270893288967,
  166.43316977093238,
  138.63621460498698,
  63.953107821277925,
  287.6421387766403,
  155.59562975867928,
  117.29023829799307,
  280.5726287434325,
  314.5313974788527,
  180.33579788827288,
  128.42507543311004,
  115.24755962709145,
  167.6007159889241,
  138.85243966167826,
  92.19544457292888,
  98.79271228182775,
  86.64871608973787,
  50.91168824543142,
  241.2488341940744,
  202.74368054269902,
  286.2446506050375,
  49.76946855251722,
  189.0026454841307,
  164.10362579784763,
  220.80987296767324,
  195.6016359849784,
  179.62182495454164,
  262.070601174569,
  187.7471704180918,
  221.00904958847272,
  176.7823520603796,
  74.33034373659252,
  151.40013210033868,
  147.38385257551113,
  174.83706700811473,
  147.27525250360293,
  244.0327846827143,
  287.862814548875,
  219.6724834839357,
  117.80067911519016,
  267.8544380815819,
  186.11824198610947,
  231.70886905770354,
  52.20153254455275,
  155.36087023443193,
  259.9249891795708,
  91.96738552334735,
  202.08166665979377,
  235.5674001214939,
  182.00274723201295],
 [295.006779583114,
  346.4592328110192,
  310.49798711102784,
  235.00212764994276,
  132.32157798333574,
  118.06777714516353,
  295.78708558691335,
  266.0620228442985,
  202.23748416156684,
  285.97377502141694,
  0.0,
  170.29386365926402,
  261.4000765110829,
  92.76313923105448,
  298.5196810932237,
  318.7287247801804,
  176.47946056127893,
  14.560219778561036,
  437.3751250357066,
  388.1043674065006,
  367.06947571270484,
  316.1803282938393,
  281.83683222744327,
  296.97137909232936,
  278.12587078515367,
  153.91231269784754,
  328.54984401152893,
  233.80547470065795,
  269.56446353330773,
  423.51505286117043,
  250.33177984426987,
  10.198039027185569,
  268.01679051880313,
  127.40486646906389,
  409.6828041302197,
  367.8872109764078,
  160.80111939908875,
  380.1539161971109,
  335.8466912149054,
  360.5731548521049,
  348.4322028745334,
  240.12704970494266,
  284.60498941515414,
  166.76930173146374,
  262.29182221335077,
  291.04295215655026,
  451.64255778214704,
  364.4626181105547,
  482.6033568055655,
  156.54072952429985,
  189.16923639957952,
  145.16886718577092,
  415.81726755871983,
  116.0775602776006,
  141.2834031300209,
  221.71152428324515,
  163.3431969810803,
  219.64744478368056,
  124.03628501370073,
  431.18093649882064,
  103.36827366266692,
  309.4834405909305,
  239.47651241823277,
  278.61442891566116,
  66.007575322837,
  156.24659996300718,
  485.77360982251804,
  234.0,
  226.3183598385248,
  249.46743274423616,
  335.63819806452307,
  217.70622407271685,
  205.1852821232556,
  451.5263004521442],
 [197.20294115453754,
  219.5313189501671,
  189.17980864775183,
  194.28329830430613,
  108.30050784737807,
  126.25371281669304,
  196.69773765857096,
  341.65626000411584,
  136.8941196691808,
  264.1230773711377,
  170.29386365926402,
  0.0,
  259.7883754135277,
  244.59149617270018,
  283.11481769769665,
  213.13845265460665,
  6.708203932499369,
  156.62694531912445,
  381.88610867639585,
  350.891721190455,
  383.275357934736,
  208.73428084528905,
  354.1073283624613,
  256.2654873368632,
  303.8321905262838,
  104.44615837837216,
  369.92566820916875,
  200.4120754844877,
  99.82484660644363,
  348.919761549844,
  165.24527224704494,
  160.1998751560063,
  98.85848471426213,
  107.48023074035522,
  354.4573317058063,
  376.03324321128844,
  244.6160256401857,
  292.7404994188539,
  263.38754716197195,
  293.24563082849164,
  284.50834785643815,
  242.0764342103543,
  128.06248474865697,
  274.75807540452746,
  92.39588735436226,
  296.5569085352759,
  367.7512746408909,
  256.46247288833507,
  394.03806922681974,
  260.547500467765,
  86.28441342444185,
  25.179356624028344,
  312.0,
  72.069410986909,
  229.3926764306132,
  238.40302011509837,
  118.07201192492656,
  290.6286290096005,
  202.20039564748632,
  379.3375805268969,
  70.03570517957252,
  142.33762678926468,
  90.60353193998566,
  187.2591786802452,
  104.38869670610895,
  80.95060222135473,
  389.99487176115537,
  220.9886874932742,
  301.2308085173228,
  83.6301381082203,
  347.4377642110886,
  318.80401503117866,
  49.4064773081425,
  374.641161646715],
 [150.2165104108067,
  218.76928486421488,
  193.49676999888138,
  73.53910524340094,
  162.77899127344412,
  159.00314462299164,
  152.43359209832983,
  138.1774221788784,
  127.3184982632139,
  35.34119409414458,
  261.4000765110829,
  259.7883754135277,
  0.0,
  236.40008460235373,
  38.8329756778952,
  169.5464538113375,
  259.33183375744676,
  261.7365087258558,
  186.3571839237758,
  130.6330739131557,
  123.4908903522847,
  171.73234989366446,
  140.8900280360537,
  64.32728814430156,
  54.589376255824725,
  157.2800050864699,
  119.97082978791136,
  64.4437739428721,
  295.48096385384963,
  190.59118552545917,
  130.43005788544295,
  256.8462575160479,
  320.22023671217283,
  166.33099530754933,
  161.22654868228122,
  117.15374513859982,
  133.6899397860587,
  173.4156855650607,
  125.76565508913791,
  134.07833531186162,
  121.8400590938793,
  21.37755832643195,
  254.42091109026396,
  167.86303941010956,
  293.2047066470796,
  36.76955262170047,
  224.1539649437413,
  195.04102132628407,
  255.8906016249913,
  161.19863522995473,
  179.2344832893492,
  254.40125785852553,
  222.03152929257593,
  208.78697277368624,
  144.1700384962146,
  41.88078318274385,
  142.63590010933433,
  112.27199116431488,
  145.01379244747721,
  178.36199146679206,
  230.70543990118657,
  301.01494979485653,
  227.29936207565564,
  137.88400922514546,
  250.09798079952586,
  179.3348822733603,
  267.01685340067957,
  38.91015291668744,
  120.5404496424333,
  266.8332812825267,
  87.66413177577246,
  166.97904060090895,
  237.22773868163057,
  216.6887168266959],
 [316.6322788346128,
  378.8680509095482,
  342.9402280281507,
  237.49736840647307,
  168.34488409215172,
  146.11296999240005,
  317.98899352021607,
  196.04081207748553,
  226.37358503146962,
  268.12683565805196,
  92.76313923105448,
  244.59149617270018,
  236.40008460235373,
  0.0,
  275.2035610234722,
  341.68552793467853,
  249.85195616604645,
  106.04244433244644,
  422.45236417849526,
  366.87872655688284,
  319.100297712177,
  340.42473470651333,
  212.02122535255756,
  287.80027797067885,
  234.65080438813757,
  189.84203960134857,
  270.65845636151846,
  232.606964642076,
  338.61187220769443,
  420.1071291944473,
  272.5307322119838,
  99.20181449953424,
  343.21130517510636,
  164.7573974060042,
  396.5513838079499,
  324.0894938130516,
  106.92988356862641,
  387.2002066115151,
  338.9041162334857,
  358.26805606975347,
  345.48516610702694,
  217.41205118392128,
  340.1543767173958,
  92.13576938409967,
  331.95782864695326,
  257.12448347055556,
  451.7012286899384,
  384.4398522525988,
  483.66207211233757,
  87.86353054595519,
  234.47814397081873,
  220.9547464980103,
  429.6242544363621,
  176.81911661356077,
  92.64987857520376,
  194.62014284240982,
  192.4421991144354,
  158.90248582070703,
  95.01578816175763,
  414.6733654335663,
  174.64249196572982,
  373.02144710458674,
  294.6794869005985,
  299.18723234790616,
  148.14182393908885,
  202.98768435548004,
  490.90223059179516,
  221.35265979879256,
  161.94134740701648,
  314.35807608521844,
  292.851498203441,
  139.04315876734103,
  268.26852219371546,
  447.6125556773402],
 [144.77914214416384,
  208.55694665965936,
  188.60805921274945,
  89.19641248391103,
  193.01036241611484,
  192.15098230297966,
  146.99659860010368,
  161.94134740701648,
  146.7310464761974,
  19.72308292331602,
  298.5196810932237,
  283.11481769769665,
  38.8329756778952,
  275.2035610234722,
  0.0,
  159.65587994182988,
  281.88827574058485,
  298.2113344593059,
  147.8681845428556,
  91.80958555619343,
  106.66770832824712,
  162.82505949638096,
  161.25135658344087,
  45.18849411078001,
  70.25667228100119,
  184.31766057543157,
  122.56018929489298,
  82.71033792700887,
  307.31905245200795,
  155.63097378092831,
  136.82105101189657,
  293.5745220553037,
  334.2528982671654,
  197.00253805471644,
  123.3288287465668,
  95.524865872714,
  171.86331778480246,
  146.4137971640651,
  102.59142264341595,
  103.75451797391764,
  92.65527507918802,
  59.033888572581766,
  260.5263902179585,
  204.74862636901864,
  305.94934221207274,
  36.05551275463989,
  189.64440408301004,
  176.70597047072292,
  220.95248357961492,
  198.84918908559823,
  198.97989848223364,
  280.49242414011826,
  195.57607215607945,
  238.30232898568156,
  182.87974190707948,
  80.7093550959243,
  169.30741271426953,
  144.90341610879986,
  183.69812192834198,
  139.70325694127536,
  261.0689564080724,
  307.09281984442424,
  239.3762728425689,
  136.23509092741122,
  283.4872131155125,
  204.56050449683585,
  233.46520083301493,
  67.1863081289633,
  151.79591562357663,
  279.6354770053328,
  72.86288492778748,
  199.12307751739877,
  255.15681452785068,
  180.75950874020432],
 [25.079872407968907,
  49.33558553417604,
  35.34119409414458,
  113.7453295744489,
  186.45374761586316,
  203.2141727340886,
  23.706539182259394,
  306.4718584144391,
  117.64352935882194,
  143.54441821262157,
  318.7287247801804,
  213.13845265460665,
  169.5464538113375,
  341.68552793467853,
  159.65587994182988,
  0.0,
  208.4346420343797,
  311.17840542042757,
  183.86136081297778,
  174.79416466232504,
  260.41505332833583,
  5.0990195135927845,
  310.2579571904643,
  114.49017425089369,
  222.69710370815332,
  164.87874332369228,
  281.966310044303,
  122.3315167894194,
  185.4427135263071,
  141.05672617780408,
  69.6419413859206,
  309.97419247414774,
  217.0829334609241,
  191.34262462922368,
  160.0124995117569,
  245.50560075077718,
  267.30693967796645,
  82.05485969764375,
  72.67048919609665,
  98.89893831583835,
  96.56603957913983,
  169.95587662684687,
  126.1269202034205,
  307.5191050975532,
  187.41664813991312,
  193.31321734428818,
  155.54099138169335,
  46.09772228646444,
  180.93645293306707,
  296.00168918436935,
  138.13399291991817,
  225.10886255321003,
  100.4987562112089,
  212.24985276791125,
  266.8951104835006,
  188.04254837669055,
  155.8621185535472,
  272.04595200076034,
  250.9362468835461,
  184.48035125725448,
  234.241328548145,
  167.547008329006,
  130.64838307457157,
  42.5440947723653,
  272.2223356008834,
  167.10774967068403,
  177.2794404323299,
  148.05404418657398,
  282.177249260106,
  165.14841809717706,
  230.3410514867031,
  324.2221460665511,
  166.6283289239858,
  164.43843832875572],
 [192.98186443290467,
  213.86210510513544,
  183.89671013914307,
  192.86523792534516,
  110.3177229641729,
  129.0155029444136,
  192.41881404893857,
  343.6655350773481,
  135.34031180694095,
  262.77366686941826,
  176.47946056127893,
  6.708203932499369,
  259.33183375744676,
  249.85195616604645,
  281.88827574058485,
  208.4346420343797,
  0.0,
  162.88953311984167,
  378.5287307457652,
  348.38197427536346,
  382.7701660265596,
  203.9730374338726,
  355.92836357896516,
  254.16726775885206,
  304.13319450530224,
  105.11898020814318,
  370.4726710568541,
  199.24858845171275,
  93.38094023943002,
  344.91158287306035,
  162.02777539668932,
  166.3640586184408,
  93.38094023943002,
  109.78615577567146,
  351.20506830055854,
  375.23859076592856,
  247.62067765031256,
  288.41983288255335,
  259.8499567057882,
  289.76197127987655,
  281.215220071745,
  241.94627502815578,
  121.51131634543344,
  278.3540910423269,
  85.98837130682264,
  296.096268129134,
  363.3235472688221,
  251.4358765172544,
  389.3700039807895,
  264.1098256407739,
  84.01190391843289,
  31.575306807693888,
  306.95439400666675,
  76.05918747922567,
  232.71012010653942,
  238.92467432226417,
  118.33849753989612,
  292.77294957014044,
  205.54804791094466,
  376.1329552166361,
  75.53806987208503,
  135.67977004697494,
  84.62860036654276,
  183.44754018519845,
  110.65260954898443,
  81.30190649671138,
  385.06752654566964,
  220.4654167891191,
  303.4485129309419,
  76.92203845452875,
  346.92362271831536,
  321.88973267254113,
  43.56604182158393,
  370.46592285930967],
 [287.81417616232875,
  337.40480138848056,
  301.62393804205925,
  231.36551169091732,
  125.39936203984452,
  113.20777358467925,
  288.50303291300077,
  273.6512378923216,
  195.67319693816015,
  284.9227965607526,
  14.560219778561036,
  156.62694531912445,
  261.7365087258558,
  106.04244433244644,
  298.2113344593059,
  311.17840542042757,
  162.88953311984167,
  0.0,
  434.9126349049887,
  386.855270094644,
  370.26477013078085,
  308.45745249547787,
  289.28186946298587,
  294.462221685567,
  281.215220071745,
  146.37281168304446,
  333.63602922945836,
  230.76611536358627,
  256.1347301714471,
  419.3435345870972,
  243.4460925954656,
  7.211102550927978,
  254.0019684963091,
  120.41594578792295,
  407.0626487409524,
  370.3849348988158,
  167.37084572887835,
  374.61046434930245,
  331.15706243412654,
  356.5459297201414,
  344.5765517268986,
  240.3767875648562,
  272.71230261944544,
  176.20442673213407,
  248.81519246219673,
  292.4824781076637,
  446.83889714303075,
  357.0952253951318,
  477.5458093209488,
  165.3148511174964,
  179.44637081869334,
  131.4610208388783,
  409.1210089936717,
  105.11898020814318,
  147.73286702694156,
  222.92599668948438,
  156.7322557739791,
  226.15260334561705,
  128.47178678604885,
  428.99067588934844,
  90.80198235721508,
  296.5535364820322,
  227.85302280198084,
  271.7094035914105,
  52.23983154643591,
  146.82302271782856,
  480.10415536631217,
  232.75738441561847,
  233.32380932943812,
  236.56288804459587,
  338.16120416156554,
  227.19154913860683,
  192.7200041511,
  447.3209138862166],
 [189.952625672824,
  213.44085831911377,
  218.56349191939628,
  204.70710783946902,
  316.8627463113958,
  322.9318813619987,
  191.15700353374447,
  292.93343953874574,
  252.83393759541065,
  154.6156525064652,
  437.3751250357066,
  381.88610867639585,
  186.3571839237758,
  422.45236417849526,
  147.8681845428556,
  183.86136081297778,
  378.5287307457652,
  434.9126349049887,
  0.0,
  59.682493245507096,
  169.84993376507393,
  188.95766721676048,
  286.93727537564723,
  140.45995870709916,
  205.5164227014474,
  301.53275112332324,
  224.04017496868727,
  204.31348462595415,
  369.0907747424744,
  53.74011537017761,
  216.6679487141557,
  431.18093649882064,
  400.5246559202067,
  321.6037935099647,
  28.160255680657446,
  152.2366578718805,
  319.72488173428104,
  106.92988356862641,
  119.00420160649792,
  89.00561780022652,
  97.41663102366043,
  205.0609665440988,
  309.9629010059107,
  351.8081863743367,
  370.74249823833253,
  173.21951391226105,
  74.67261881037788,
  160.99689437998487,
  95.1892851112981,
  346.49386718959397,
  296.84002425549016,
  387.3719143149126,
  132.23085872821065,
  357.26320829326943,
  330.4935702854142,
  227.9056822459677,
  287.36040089058895,
  288.4024965217881,
  329.4510585807853,
  10.198039027185569,
  381.03280698648507,
  350.075706097981,
  310.35785796399614,
  196.02295783912658,
  411.0960958218893,
  315.35694062442957,
  115.26057435220423,
  204.59960899278374,
  293.53194034039973,
  347.47230105434306,
  164.5600194457937,
  340.5950674921761,
  341.0131962256006,
  56.04462507680822],
 [172.8120366178236,
  214.8697279748825,
  209.91426821443082,
  162.2374802565671,
  274.2334771686345,
  277.24537868105216,
  174.54225849346628,
  233.46091750012462,
  216.0208323287363,
  102.15674231297707,
  388.1043674065006,
  350.891721190455,
  130.6330739131557,
  366.87872655688284,
  91.80958555619343,
  174.79416466232504,
  348.38197427536346,
  386.855270094644,
  59.682493245507096,
  0.0,
  117.15374513859982,
  179.56892826989863,
  227.85302280198084,
  96.42095207992918,
  145.90750494748377,
  261.50334605889844,
  167.09278859364338,
  159.65587994182988,
  353.1147122395214,
  89.27485648266257,
  188.09837851507388,
  382.6081546438863,
  383.27274883560403,
  278.7059382216317,
  43.18564576337837,
  99.12618221237011,
  262.60616900598507,
  116.49892703368559,
  102.2154587134451,
  77.89736837660179,
  78.23042886243178,
  150.58552387264854,
  297.5315109362368,
  293.4569815151788,
  353.57036074874827,
  114.10959644131601,
  121.10326172320876,
  167.0269439342048,
  148.12494725737457,
  288.7213189218974,
  264.61292485439935,
  353.0,
  157.69908052997647,
  317.28378464711994,
  274.40116617827994,
  172.51376756653366,
  246.71035649116962,
  229.10696191953662,
  275.42694131112154,
  50.21951811795888,
  340.8518739863403,
  341.29898915760066,
  289.28186946298587,
  173.61163555476344,
  367.589444897429,
  278.25887227544064,
  165.59287424282482,
  154.1460346554526,
  234.01922997907673,
  328.58636612008115,
  106.48004507887852,
  281.0,
  314.66807909287525,
  106.21205204683694],
 [248.7267577081324,
  307.5873859572268,
  291.92636057745796,
  193.12690128513947,
  284.4942881676186,
  277.8344831010003,
  250.89041432466087,
  142.52368224263643,
  249.55961211702507,
  126.21014222319853,
  367.06947571270484,
  383.275357934736,
  123.4908903522847,
  319.100297712177,
  106.66770832824712,
  260.41505332833583,
  382.7701660265596,
  370.26477013078085,
  169.84993376507393,
  117.15374513859982,
  0.0,
  264.20068130116545,
  131.52946437965906,
  148.55302083767936,
  89.05054744357274,
  280.49420671379295,
  60.440052945046304,
  185.23768515072737,
  413.7257545766277,
  206.4097865896867,
  243.47895186237352,
  364.44478319767455,
  440.18291652448306,
  287.67342595380615,
  160.0124995117569,
  18.027756377319946,
  213.43148783626094,
  224.8399430706208,
  193.38303958723992,
  180.71247881648904,
  174.54225849346628,
  142.04576727238302,
  367.06947571270484,
  231.10170921046864,
  412.1759333100369,
  86.7294644281861,
  238.0021008310641,
  267.88243690096596,
  263.68541863364385,
  231.87280996270349,
  301.8691769624716,
  377.58442764499705,
  270.6806236138819,
  330.57828119826627,
  230.8354392202376,
  151.6047492659778,
  265.9793225045887,
  161.38463371709216,
  243.28789530101986,
  159.66527487215245,
  351.66034749456753,
  413.5698248180106,
  345.6370929168338,
  241.83051916579925,
  366.9727510320078,
  302.7887052054617,
  282.11345235560816,
  162.30834852218786,
  160.99689437998487,
  385.8108344772085,
  35.84689665786984,
  201.37527157027003,
  359.3007097126305,
  222.22511109233358],
 [24.515301344262525,
  47.07440918375928,
  30.4138126514911,
  114.28035701729323,
  183.99184764548673,
  201.12185361118767,
  22.80350850198276,
  308.24827655641485,
  115.66330446602328,
  146.4137971640651,
  316.1803282938393,
  208.73428084528905,
  171.73234989366446,
  340.42473470651333,
  162.82505949638096,
  5.0990195135927845,
  203.9730374338726,
  308.45745249547787,
  188.95766721676048,
  179.56892826989863,
  264.20068130116545,
  0.0,
  312.27231705676377,
  117.72000679578642,
  225.15772249691992,
  162.27445886522005,
  284.96491012052695,
  123.06502346320826,
  180.34688796871433,
  146.08559134972896,
  68.0,
  307.3532169995948,
  211.9929244102265,
  188.85444130334875,
  165.07574019219177,
  249.42533953069002,
  267.3443472377899,
  87.02298546935747,
  77.38862965578342,
  103.87011119662864,
  101.35580891098448,
  171.5488268686207,
  121.03718436910205,
  307.6003901167877,
  182.33211456021672,
  196.17339269126177,
  160.29036153181514,
  49.4064773081425,
  185.44001725625458,
  295.9408724728641,
  134.52509059651288,
  220.9886874932742,
  104.31682510506155,
  208.96889720721597,
  266.5576860643865,
  189.21416437465774,
  153.60013020827813,
  273.18308878845335,
  250.16994223927063,
  189.5600168811978,
  230.8007798946962,
  162.5607578722491,
  125.78155667664477,
  41.7612260356422,
  269.0074348414928,
  163.8932579455299,
  181.46625030566977,
  149.27156460625713,
  283.3972476930572,
  160.11246047700348,
  233.8482413874434,
  325.0753758745808,
  162.0154313638056,
  169.3576098083579],
 [290.077575831018,
  359.3466293149276,
  332.56127254988667,
  205.19746587129188,
  245.81497106563708,
  229.61707253599414,
  292.26357966739545,
  16.0312195418814,
  245.2835094334717,
  171.18703221914913,
  281.83683222744327,
  354.1073283624613,
  140.8900280360537,
  212.02122535255756,
  161.25135658344087,
  310.2579571904643,
  355.92836357896516,
  289.28186946298587,
  286.93727537564723,
  227.85302280198084,
  131.52946437965906,
